INTERCEPT:4.99590918931
SLOPE:19.5371328832