INTERCEPT:-2.86536206958
SLOPE:2.226513563
